error =

    2.8300